0.5252315478825448
0.9631300000251111
0.5894912704840167
0.30161372605245645
0.38307288233732034
0.05587976846147246
0.4498812681724411
0.934624823067415
0.13432209226632286
0.19021437660147664
0.14345097462242404
0.7432354795616694
0.2971176751971204
0.3309080202322543
0.016609251776483158
0.0896468709465326
0.6213760646664923
0.014817695392315243
0.2445202405229635
0.989691868345236
0.8329161327024897
0.6310637782670697
0.51405942438896
0.9392149972758059
0.7722704880608788
0.9845366818469169
0.9557841621640051
0.8230768230767231
0.9057018369646284
0.901565503096195
0.7880465853226029
0.19203309011092426
0.628989426696894
0.8810178783330409
0.24966192914748575
0.6964125289082899
0.5909889931883872
0.7686140704142792
0.2849795806114208
0.997684383170579
0.5421878995433713
0.9574557838569331
0.42738823675882276
0.3127483108177669
0.5369749944664659
0.8863562167055116
0.05510169646453242
0.7165632970837018
0.10487350051715995
0.24975211457322086
0.777514494880567
0.8518837481455833
0.6921277864019614
0.4731364967057633
0.2615678917929368
0.1856903545825051
0.6480475160434388
0.7605746619018329
0.36595750847839525
0.9890758552508832
0.8105677613629412
0.4467824480339499
0.3717133693481133
0.691057712560088
0.20449629298051697
0.9995703181972945
0.5022088960117974
0.307895056547684
0.6845114151495187
0.5229184468381116
0.6203892758503652
0.7978217742259812
0.9849548692593233
0.13352557047602234
0.0019259694230312693
0.21174824639579487
0.0008246682015107951
0.26405053321976224
0.999335763794101
0.6993793778041065
0.14325694026144142
0.3772667548728092
0.7200978283758004
0.8074926024098815
0.7487110451943115
0.6078019170921328
0.6689222874108544
0.4756810856960425
0.7157104373528649
0.16141676604128538
0.6559779663383979
0.30078223980182367
0.4926688499892974
0.35825713941798043
0.9786516624316272
0.3558366780736293
0.6989101441787368
0.5504390708258887
0.5063668765038696
0.7996271904610845
0.8259230820595364
0.17751166872878987
0.05961019458084272
0.976972610834708
0.9530806054343127
0.7452100725569355
0.6822665261672256
0.3859141349187452
0.507915977813081
0.8370503974578783
0.7735772142711312
0.6135638739734973
0.9873025697836937
0.7150579407930934
0.24903352736139503
0.4250437147445499
0.015454842351903772
0.2816936018426605
0.8099868706275578
0.36656134345061336
0.1766863215719942
0.27313665641730434
0.023880770974786077
0.3768316662279987
0.7820960168867919
0.80341843202937
0.27923956792569415
0.9171663844870225
0.010121313196268425
0.9715202899687585
0.39656564963354823
0.7876479774112859
0.9972732177221283
0.0266757641992184
0.4678494586070779
0.04860064861470958
0.851548682948158
0.9287352681476503
0.10759192332265471
0.7159924439223643
0.6440896679950073
0.28916290292656605
0.7427440890527506
0.41138111582726167
0.452858583864484
0.8420369444187367
0.5607545278028052
0.7332363047928417
0.5413618587164788
0.7197755519792203
0.864995507972681
0.8427369205361346
0.6725547067530767
0.31284590123481754
0.783957692805014
0.9962005630281324
0.6683985261437145
0.6390376259805112
0.07129301914175937
0.5303098915248597
0.5025097970304129
0.9440800251824368
0.48738316403015214
0.9118329469630801
0.4505175606461797
0.86703195218911
0.700861473971698
0.9546031262682302
0.3117703748224207
0.9730291524074962
0.23260901802374515
0.9194136373795274
0.1385729323614699
0.6350507054324068
0.9428283484434541
0.46652277194917957
0.07014717842732385
0.9820706229505373
0.42275106317865235
0.023066837626443078
0.9590842704966981
0.5348615679088294
0.1696507994097547
0.7254270335655759
0.3134473278786046
0.47700637809871965
0.1556786418476557
0.5448658278555424
0.16370014682735498
0.8411364976635803
0.590938637065793
0.10182924379206518
0.33573122663329047
0.33807996102523485
0.1566281795248968
0.024101036740349954
0.235850457091875
0.6698958020523424
0.5038590021920957
0.36431893051814773
0.6597195103811696
0.3387995662822006
0.724918084797961
0.9336427934289849
0.6901490976650319
0.626852163192514
0.8754223002257562
0.24819863126860556
0.3106704627503735
0.17740534946920533
0.07083635630208646
0.2911731704969864
0.22254498857509783
0.3989962879512757
0.28680015052092717
0.14965049688209994
0.8857521060360295
0.15387881997850314
0.5322039541501398
0.9197843839783229
0.3434044092904161
0.0867121078681514
0.28690766596829886
0.9967362173278662
0.6225748506077242
0.2092438121985877
0.11706052637561214
0.21734781706107237
0.32356247929273774
0.12857234538952814
0.7613957642766711
0.14905773999027025
0.5542427360474742
0.9665646314317238
0.8795445128488221
0.7813668081073533
0.28416454593132046
0.39753705191159716
0.45853693136469276
0.02878331013348988
0.06900074585251918
0.884215583636585
0.8656108021330379
0.32279938798623337
0.0053765489224994285
0.7718373673459952
0.39527761072472817
0.7562011452235933
0.7122152574675299
0.5259358321279515
0.5067999127719092
0.9372670582537823
0.4901930744911523
0.4470973139773998
0.19504498910615553
0.296726032315183
0.041841789816853686
0.8583369932374729
0.12681850793318625
0.7000908836740504
0.7820711896379675
0.11530302748633249
0.8901459000863182
0.2644596252249818
0.0005755152686293771
0.2067889846029356
0.41733187400264193
0.8271504820541371
0.27987886526534617
0.45666525561425514
0.005604192211840628
0.10088831745352414
0.6443745657464041
0.9835105103493703
0.7441699095358475
0.018418883288586655
0.7276480028375973
0.06518119168813279
0.9864283161651023
0.802052120710265
0.3213803474691496
0.152763151547517
0.6366525858177292
0.20869689169171546
0.9684335656779494
0.1974833024691053
0.793021601625246
0.32443989493206066
0.40800919396721425
0.4747028902794702
0.7701002389963878
0.9139744104020084
0.29192812917622474
0.3171893137089366
0.027261426152943677
0.9163073306283491
0.9252315628281301
0.8975854728394256
0.68805475538226
0.14104346156911093
0.43111140830551437
0.5370692491929138
0.7345247010804008
0.29521290634979563
0.2276325101855414
0.9612501817029635
0.44438239075837827
0.8613167758977163
0.5216288358207604
0.5327951587570793
0.5627827110814999
0.471204594564105
0.2608838318135228
0.25550486524022065
0.6478715934780982
0.19587450013536956
0.7277553287510514
0.910058045927483
0.994451697968897
0.029797397025301053
0.9675327735301479
0.028048754622562823
0.5649097934504514
0.3453414733272614
0.5157556745432079
0.07228244706806863
0.3877447191617209
0.4150617728821654
0.5536904906350163
0.736686972936884
0.9320395945139117
0.34700786819289986
0.0025820267704366917
0.515247852980182
0.7545227708419752
0.5666855825511798
0.7901676679718831
0.37941596127756244
0.0617019687471051
0.8783327684180635
0.48428267008591536
0.28640116055589765
0.49279300587427116
0.33412875890928573
0.2747653888395736
0.15413455156766648
0.7704221645822873
0.8819623240086926
0.851170873941498
0.9258085058242431
0.31449594377799245
0.40230575832211557
0.8516097198008229
0.6636960894851982
0.9983891585953193
0.22073400412374983
0.03521552696664286
0.09581711461136054
0.6757879196758909
0.12006353241837217
0.5767651173588212
0.3370338830165449
0.5305018944573646
0.8906442513657966
0.21677975843080438
0.5512367496185766
0.788720040351432
0.17830185970434484
0.09276661440005306
0.07884389223375712
0.36832664656257186
0.9240750549977426
0.33044078444445346
0.4501859343283325
0.9901657394123685
0.9348901175509385
0.6592223230705763
0.7216113414513813
0.579839954647644
0.4052998174348694
0.6366476601580912
0.40436434086546275
0.6858311538864896
0.8609157884676102
0.3634894566266579
0.8126220413375871
0.9541576465988195
0.5543045299131021
0.7199618126636019
0.9511089202551078
0.4574720368082959
0.5195278526814691
0.5913535022898425
0.0011653960677667713
0.8546846038349537
0.9485053053657428
0.5152896671009114
0.011381214056903868
0.6444506884441396
0.4989365927594869
0.13999043345974335
0.16139597312293236
0.1254653857951636
0.12977804376232346
0.2296927472274421
0.474562360353685
0.5617343243346076
0.3254858651377003
0.9679353798175802
0.9706557304027695
0.7656760310940708
0.7854309169145343
0.7657282696205796
0.41892926147194043
0.8041900688839199
0.9048779325711439
0.7439164892972031
0.361061120345041
0.29151562914943496
0.7439809153031863
0.16311758079429525
0.1374685185876325
0.7361090896105218
0.6265782308891904
0.8810146661468824
0.9638653003103301
0.6299202570527849
0.3014119499537616
0.2875226776609551
0.5626150098655146
0.17305732329149973
0.8107775414058878
0.4679964568557851
0.7096501364137728
0.22155644620721587
0.13144018515200304
0.21743516361750884
0.9934490759577621
0.47040967947201184
0.6158006609403223
0.2138294118005966
0.7882889981041705
0.7533133514943368
0.9855493897448938
0.7330119032899161
0.89959098116826
0.4049371736521122
0.7471897790746751
0.43733802944663114
0.5709029022194082
0.1553760116038494
0.35319303991658807
0.1940331935316662
0.4553791082070745
0.013142840086135203
0.2514266714696981
0.20961103716084795
0.32970362019957683
0.607903757365458
0.1008614007934881
0.47441198627164494
0.6707458838057285
0.3501780288765736
0.9558583840167234
0.06085270676902875
0.8506500034060891
0.7599176750486443
0.8087261985724947
0.3842645905719098
0.804861693410161
0.8759203010370398
0.12641644119057743
0.8175391835624894
0.8792007984051703
0.7359165341461663
0.764179528940482
0.09578209492960518
0.4511658595963113
0.17517578452611446
0.797997741666791
0.9255908262791884
0.3916239113581196
0.8330125412522696
0.9224941249370733
0.36315368825344785
0.2920659119311029
0.11292980670396141
0.6869217664331124
0.26758328261821734
0.23625424038866644
0.18543324989703278
0.8765721332752053
0.04828687732655813
0.507227820844546
0.6196003530476204
0.5404239794525468
0.8013553912716511
0.2625421113832026
0.4760551714317704
0.4610442382242399
0.8358909983397563
0.1761577007989092
0.37916731531618275
0.8800911822757634
0.22237440392170013
0.16060568552060647
0.5730389756071814
0.08100322295700839
0.14904719449766943
0.7408336460663538
0.1493214938509436
0.17260262255170203
0.7835575586020974
0.4612115114617174
0.18818535598242245
0.3074598418523456
0.6119523274260196
0.13290306585804065
0.7204935416367012
0.4549945919419512
0.1551590437305953
0.7785664012109217
0.9928484136833066
0.29279165637902665
0.6537646480564396
0.1952271094462465
0.15625953034630288
0.17779675333793182
0.26838157971744264
0.06820499641250594
0.46087732113418883
0.4222373533576725
0.655773233213615
0.2340670991621764
0.6559821495970057
0.16299805983133064
0.1857543734790663
0.8099529816581715
0.43243686369120793
0.46976699436844405
0.2837217730780316
0.3302327396485332
0.05830491389826398
0.9444722983161683
0.287778543175917
0.5800188331345557
0.30776115597734777
0.45351688096128273
0.5473448342222851
0.2334940546843033
0.4757640130956613
0.7599900648944204
0.5985918073519702
0.9774461199813971
0.5379576525001922
0.5914685391953213
0.5459455315752727
0.049814025969598094
0.32077158972755687
0.8057968964642364
0.2894401160344992
0.5509174021767478
0.8890704025562337
0.5045220334589987
0.534567661311238
0.6484192514516464
0.6914626693923808
0.5488435409552179
0.6368563824076566
0.4101701514783169
0.3994731009555743
0.38413595429102426
0.979985623772872
0.6453849217355683
0.24169161760416727
0.41051854732765297
0.3963362647686394
0.10228009273207612
0.1546622488452266
0.9233697094752478
0.1948912713729606
0.9130298295663101
0.2468237483027369
0.035346623699649124
0.8052889061063453
0.1502841100610201
0.7416464475093267
0.9319652827562551
0.5357447076949815
0.2671216449577371
0.7385813065881438
0.3919430032600385
0.3028822595332369
0.3527901145986468
0.9486291432667123
0.3181770919515524
0.6729054528841432
0.15138343833730483
0.11189584030433618
0.0423651606772116
0.04764957144162216
0.8813028157102077
0.9568449871796513
0.7259225597830606
0.033017995134759566
0.38310930426445344
0.5619332983317473
0.27975431872452
0.5298155825762909
0.3796589384558999
0.6810296873300189
0.44477485108442544
0.9342125368795359
0.9341639382583564
0.22102598362331272
0.6271150981405941
0.5243431355107624
0.41821636346199764
0.8973700311293359
0.06753983977940768
0.21287034424094692
0.8677801257179812
0.015455376770775771
0.9358720084444847
0.4171234537144308
0.09612996032378643
0.6533879578304341
0.831305291297809
0.8517977823908196
0.5492749513556029
0.03503211188716647
0.4480584077367697
0.10460021426528908
0.5325492795228263
0.160110706093268
0.43620373142199287
0.7922097544619916
0.004826343753407265
0.7432698397295009
0.41770946704832584
0.059319738037385716
0.3424285435475388
0.7752564211420471
0.959315639750959
0.6926891254120219
0.6154203650558743
0.4478703174989114
0.5323536389557398
0.8923459014078716
0.086610559829399
0.034359652269148167
0.11681494911410986
0.29165603414038105
0.6917493566226235
0.12092763794916457
0.7907046544036496
0.11066790304083106
0.14100395150722486
0.6645057894831705
0.6462854330007809
0.027441026618865442
0.9815297044565388
0.1367992748376129
0.10551955285173474
0.280102514583302
0.9573110107682378
0.9902412513186499
0.6652523651978949
0.3952877533996928
0.8870030364490248
0.7024389266169918
0.8489469814246565
0.49850691095678135
0.6421993294715408
0.46929102967061637
0.8099768009446824
0.6526964906004351
0.8500820230778073
0.27238413457966615
0.5466891935939309
0.45901143561372265
0.9698613492406114
0.18240397679856443
0.7665006992955816
0.04948145013429644
0.7650640334146807
0.1183086392760469
0.9474470091453613
0.2821446874439531
0.46401431767300355
0.16855372275492256
0.04022667434374653
0.35178283239531927
0.8320398682051496
0.613149604283675
0.45181952696338673
0.7879949969304758
0.5369926324852803
0.2646475401121538
0.12258910704208228
0.659669089371742
0.2661743400925823
0.9184516879391439
0.8719674674702365
0.3612166122317765
0.9743633333596546
0.5092773268748574
0.047479528266752224
0.3089518538807929
0.2770453581983515
0.9704216867924701
0.4234902849063245
0.3610107334972578
0.8960959379678223
0.17420313302291576
0.26122932930741777
0.822599787202772
0.5065891175610474
0.5131548551417573
0.3922397434358059
0.46224771986776847
0.6863715568080262
0.995946616963958
0.17083085395575318
0.6348866417592486
0.004020064159224061
0.8219404516576878
0.1898291616581294
0.5245633278870024
0.23349180813563403
0.7065352864275755
0.3899997742522498
0.9042798328228582
0.7536515541973391
0.587912268292751
0.36029934207284203
0.9273786739854819
0.457418356402577
0.638297980817375
0.7571908927707726
0.8354019627717131
0.8521140491789877
0.8534623420248706
0.7274689839851978
0.05515170933822776
0.9251311068851441
0.5951932423275346
0.38000620214117364
0.05334243186704805
0.8385261839823557
0.862546975423573
0.6280343683905986
0.6400346860855277
0.48634535408199364
0.12486021615096136
0.37437439996874844
0.6422696769162936
0.22814919622612878
0.13480283246723745
0.7854845134570382
0.99976766766793
0.05154097542323132
0.23245480341679886
0.8538317760407473
0.5156097592557165
0.1195798964683175
0.037537712369405674
0.12211015007803336
0.48450400463498366
0.28873855530180326
0.17437505834628272
0.9265727320779501
0.32807619041334996
0.5367524723114543
0.13076082706713932
0.6909376901386034
0.8531203346832597
0.4549834219454453
0.08001932290013394
0.7116119079686513
0.7160539283894153
0.09187554294112354
0.20735641801553334
0.2194686722782674
0.15467324550223935
0.2063086217807498
0.4842783490881605
0.14726962647912054
0.8423214097611751
0.7816031268357743
0.8583300994236166
0.03394086951530581
0.9320009700406708
0.310837685578251
0.32343222906646407
0.15654856051066152
0.13392815404260694
0.2447032851222327
0.2970563532383117
0.4919907569795933
0.5158767143631667
0.42500975924233947
0.09230603315285589
0.6967277782260638
0.09213315541001489
0.15963223540571067
0.5983860296803242
0.31570165997817534
0.5017976261135313
0.9106724582770274
0.7435957750871565
0.12258596135623973
0.0966191575609581
0.1591440733037878
0.5784313709171388
0.3689753766486375
0.12187764778537366
0.3586148994780035
0.871192003631542
0.5303061445524455
0.8525131689125584
0.8341449847432122
0.38314455156640326
0.36151611913169085
0.9138688848729235
0.13079576150210986
0.8972305039597199
0.8813620617906083
0.6781806470634727
0.8328531975435716
0.04655024329746427
0.943346440335281
0.01504070866282404
0.40650064241011136
0.7682652192378202
0.21263288184897142
0.6330943788485268
0.2959634255879091
0.7974769914419166
0.24570540543985492
0.5154081723869417
0.5164008952564788
0.1915369595856702
0.6836376468868948
0.7816730062026215
0.43852255513756483
0.6741682318690582
0.31069236345668644
0.29473413096423806
0.2619470669016773
0.4250794807183095
0.16003879776772603
0.695207076821243
0.5901688820976888
0.6692309747899033
0.9590390057702668
0.5612824558276006
0.31208881887825446
0.08755116831480246
0.23183952200047905
0.37906259673365494
0.730789696801137
0.5638476772729201
0.7804230964049975
0.2502799964975114
0.42970076746642316
0.05288099827269713
0.7307003329046798
0.4334801194378849
0.5630513529704614
0.4158430635622866
0.11247135557296555
0.2491541452801472
0.4649814454442641
0.7084532977643448
0.23672385244499738
0.18258781539731578
0.03862218734660019
0.48399762171797756
0.20630786407815135
0.2632648290738903
0.2739854921121384
0.3980778217444865
0.4086776901676162
0.5099560427725582
0.9206408530446382
0.7362160589686215
0.5424063310924624
0.779878249688111
0.16099572132849163
0.6269132551537131
0.8658035968072852
0.265023142248513
0.005891945866192992
0.19222002065004187
0.42346457073799004
0.410574898723955
0.18722369271081865
0.010104370725794846
0.9453160870066589
0.1484946050067456
0.8790592085437633
0.46558228198395196
0.9602636747152965
0.34564388057619533
0.7926549696475491
0.6735927410919371
0.5912221143987824
0.9732729806149066
0.5267344555423924
0.3000392501032029
0.9709023499150422
0.3789596487512894
0.503702128795764
0.2037453194452551
0.2968852569628074
0.4921107985080383
0.25547183649352173
0.0866249596199793
0.7087541493124342
0.7878585041959605
0.5402174948859698
0.2824850599647685
0.7621149810201996
0.026872995041592785
0.28610773210927803
0.7215467536479246
0.08846041147931245
0.8187534090262124
0.6755776964912825
0.4863454248344863
0.18026146402637838
0.7185678800688495
0.4151857457805863
0.39659147733870415
0.6904897654726292
0.8422065257886188
0.21214210909721376
0.3043188789611377
0.9928232780890867
0.18050021817807696
0.14981052424166802
0.4536886190002045
0.4926065945888749
0.22836294270221894
0.5602088797038864
0.5205320978896042
0.9535736997565317
0.09637796150058
0.14548949647470627
0.18421078198709304
0.5471495234192397
0.7008237451615973
0.2294336001960099
0.8518236732493041
0.0335748507400625
0.6923092051198247
0.3639773939122889
0.16736979173679628
0.9699183590768699
0.6111430986305595
0.2805338460392724
0.6847483217967534
0.2037692497215654
0.13604378895510708
0.027570752071210153
0.9521034006235218
0.1899147216424962
0.7888534099799316
0.3184968913878404
0.4276368838510769
0.4814272985429582
0.6738258566606589
0.4483891297231739
0.4444761997969271
0.011218302339196934
0.9508113597039936
0.7295432587943483
0.8984383883573972
0.8397181113193108
0.4976654625950847
0.2991175932931614
0.21193547574929003
0.6296440098630464
0.14510162635770582
0.9408506881449018
0.30139575540269165
0.8108507931810068
0.6655936701728805
0.5084309410892617
0.36750490602865754
0.8766443117684152
0.204861784773393
0.416405366466588
0.2406760867211283
0.71590842962756
0.12193977421086097
0.09235867856754447
0.5235479168406931
0.4132939539475304
