0.19099455772589619
0.37924793172195614
0.1819971135013769
0.22182495352848694
0.4013809883091537
0.5487305212669977
0.252588146956826
0.7279027017524944
0.5216953151957744
0.05284405978064545
0.5871964001649005
0.867990728044817
0.2317532531244576
0.39713628710632065
0.17759991431668795
0.8213977218424507
0.6981247143879674
0.8208277404322986
0.7105620237996784
0.36092151194811417
0.7989354636131141
0.8575325007509679
0.7434041165534996
0.6064634647207762
0.9890954887356395
0.9315503152349627
0.23032626938518003
0.2879777969452566
0.511842918556381
0.3783787665268154
0.8547274271153191
0.015817498614119813
0.7493498137673683
0.6296879247207149
0.3529529253769929
0.519977481077754
0.4164467859062619
0.6886670825472162
0.9303574378742052
0.5055341692251908
0.8317602864918062
0.7060604508421995
0.42017874045380627
0.39181022196379156
0.9200218080357122
0.7984858698853617
0.15255313325177655
0.34459023886773593
0.479226688242774
0.6064336861775965
0.44053281169033903
0.81303122619005
0.6112028891369113
0.12099110204152742
0.8390653220157986
0.6446944474621645
0.7903715744976756
0.3100492571060887
0.5595016616973378
0.6783115426198267
0.6026487346861951
0.8554642498473103
0.03302979830547236
0.06794113658446452
0.36364448971488267
0.5399047274061287
0.4116990863717391
0.797844215338109
0.82729444431639
0.48410618291918056
0.2005616691389561
0.3579090600073404
0.3426407603856824
0.275794389411811
0.23373595781483417
0.4765706237247657
0.5015894716362248
0.9680534564470546
0.2860486765962881
0.41592521324281356
0.19490245838334566
0.2377141602596976
0.6748519872175093
0.8393778700167617
0.5737518209525511
0.27179494208707256
0.9571418149705789
0.5040221971963272
0.7605992880067571
0.9548901890376433
0.2811090244150768
0.2343456918849899
0.8223720564835484
0.9654429756165198
0.5210667511763247
0.6507278341846205
0.5977703595203573
0.09930213476995632
0.007367894777315174
0.945517381286278
0.38858988263515426
0.2977810001110931
0.3732771769961184
0.8479056345691154
0.2058885517184836
0.49109588009459443
0.8675448806343513
0.6041562175775765
0.3887905826478806
0.0122616941647096
0.17605460786367255
0.019851395363616776
0.4063110909604614
0.08844714799412307
0.5974041182134872
0.34058415408333964
0.4244712929532486
0.9309945000535651
0.6111251776892669
0.45772579047115564
0.7719038749184038
0.4829194869466605
0.5694069087540229
0.03703180814432908
0.2929418636257667
0.41570061845794426
0.04516347403963993
0.8243900185204986
0.7376054069811885
0.5541308695109071
0.6048804752572811
0.7413158163712421
0.4270666314467256
0.5353221270799579
0.9085864501390688
0.8322292569903628
0.8486280928175034
0.7111573176317002
0.8519381208240956
0.7086542314863121
0.9647674320668563
0.08946226903489066
0.726049412801792
0.6015974370413529
0.9224243372311371
0.6815910089713552
0.9347484398127082
0.9921750708423764
0.5669565920935307
0.24089272929557976
0.9830944856627686
0.7717761648938946
0.7863266972127071
0.5710259850512381
0.7275023730734211
0.9454226559667716
0.6421717448519195
0.9857200558682195
0.6806309179390586
0.3348078663205916
0.5198524510738595
0.31783590218830327
0.7524642605238129
0.17285878672898577
0.9156176227768833
0.5857947319760698
0.8116888423304294
0.4816601366845411
0.9743819729147378
0.2996453012801886
0.6917457261698173
0.5446720320370328
0.5937353384583053
0.8399572743991264
0.4279027494989812
0.10243866439160863
0.3704338261936135
0.7451169815317696
0.17679092393857335
0.6535783648648092
0.23660703613435066
0.2149645982190739
0.9372530028700454
0.6963755148718423
0.07318244264711837
0.533621897596516
0.4270718382710118
0.39863659081821573
0.20991508652911747
0.7389345468107752
0.29081846019317087
0.8919138657263246
0.8590382593734543
0.5295049517052872
0.4721827776422249
0.8182297676597501
0.02923662597793663
0.7654543016297366
0.6780507353693166
0.024429013181161505
0.4412505260779592
0.7673825522929247
0.9937547884428349
0.15925087771862947
0.3316449023636832
0.8304637203731857
0.45755090645779795
0.4442410487803263
0.5717925811828369
0.79905151296827
0.9380646688802744
0.33733687409589724
0.37593258235354005
0.7424335165098243
0.42956484296618797
0.9835042015764954
0.8722655330447748
0.9093926300322378
0.004983730788311885
0.4547446347691401
0.8877376380148881
0.3174039451238927
0.7726045946153003
0.7085539174978555
0.9653658868812374
0.5981937762909332
0.2969734399754176
0.06469401749025099
0.9013549764580437
0.7077645818906005
0.2998494023567736
0.584493245451227
0.06604831940065624
0.2645310564609937
0.1118391373370814
0.536546104187573
0.7530442010771683
0.17107590084227353
0.4756291598079799
0.05670361488881087
0.7224640011653224
0.9489641160731996
0.7547006228098333
0.21984663831306855
0.4862536422963655
0.4170956963901597
0.8660985967714998
0.5037959378343128
0.35364684588673573
0.7260677808460406
0.6888588985453075
0.5911275137694191
0.45513847637518506
0.9455357800939961
0.8314712322489013
0.10428137715716163
0.7162545696924454
0.179461278626854
0.057665637259011665
0.5930517895430727
0.5026001498036304
0.7865213081220451
0.2991355954929113
0.4781728090694886
0.01764826327564001
0.8693675742565635
0.06269079946736889
0.2681171133399938
0.6974381340840987
0.2587390490484739
0.1978782314192792
0.8036504314239952
0.3706049647157682
0.18123580904454611
0.04450029691985103
0.5772848669010697
0.10882798997751167
0.1038199149261455
0.39767750269165425
0.7510950579136073
0.3701020312240351
0.9909863448663907
0.8628208607253278
0.23989289076533554
0.7180727511226244
0.5041373877041238
0.9438254807002515
0.6366113499304106
0.7912590710830621
0.8805286911865318
0.5873284397278802
0.7600434739339748
0.12598554536279488
0.9172441028891609
0.8049795098963292
0.025548803997452747
0.07047778239377972
0.15764921149056205
0.9717769895787092
0.5821091017804993
0.12001766515040625
0.12499252284005594
0.8301982934902021
0.6427224240457949
0.5528101310994001
0.013997353879522128
0.7522770317627973
0.012622014748734922
0.7861518211703362
0.3348984738454058
0.5606345500174527
0.29157405010598175
0.4798975025848454
0.34103761336666355
0.7535399791089518
0.7291305943345991
0.6688555801621431
0.8904434948281823
0.22197615479168628
0.5135638667490343
0.24068617683555818
0.6534298212656897
0.8676630154850142
0.26313259889311114
0.3196203437510974
0.12435774427866855
0.5132308454773333
0.30131304188356717
0.3310660042701907
0.7863181914616336
0.4808801110618419
0.19438830345658645
0.6823316067790508
0.4245891863438829
0.04529341150543967
0.5575931261924748
0.3014329447200985
0.07017977614245816
0.9299045016583786
0.31597891919459725
0.5514957695354482
0.41520671260914105
0.8444055249920226
0.12794034312443797
0.8153274164099175
0.9809387412030575
0.032985282182583626
0.06913792058654727
0.32868467290375336
0.3550518136610954
0.6955224404322525
0.34120038593451585
0.3410563201279577
0.7900957007108802
0.6177203624008712
0.7281944190845574
0.6779040539991174
0.436298796376124
0.8998293104776711
0.5971765010561066
0.9903675512783209
0.8854595041577185
0.3292645890063918
0.9233787013313703
0.4624948881111187
0.9571748889507858
0.750927489073558
0.5208344188442547
0.7022688096078519
0.8302251629371561
0.9531339108107036
0.5229776540330316
0.06509727775459552
0.42612759500455993
0.4198911501891265
0.8577811816311021
0.13664418987091861
0.38026361006476633
0.41766861217254453
0.1956210710477012
0.14090868988903074
0.5195514097150199
0.7031993843033131
0.029174942546932245
0.4748348173090621
0.48633041386059533
0.8000590559627744
0.31345804660290244
0.4324596970244632
0.631827710968782
0.15046317233183248
0.7657984231915062
0.6640344122519054
0.2561822240065644
0.630189113425781
0.4117283185151979
0.8186349349801033
0.15127196304938326
0.44964148797325004
0.9771644440803108
0.13522770409874968
0.06103763604765251
0.7106794300215685
0.738808629299888
0.9860191014934748
0.7241229846850372
0.027312884059551183
0.42446316450223553
0.2572390162327022
0.9409341259703593
0.4078850958577641
0.9440712762341106
0.8682864668920228
0.5631534617471804
0.405163929013066
0.22784703891532335
0.5122698953183803
0.6660201123182936
0.8041769703275948
0.03136759737366622
0.15131914414616424
0.1453879630106694
0.6098681059442173
0.10497213344814219
0.1303910643718981
0.6575187008442491
0.10133212960368365
0.5800155419859795
0.7795676407099839
0.025316296418322736
0.3472361749999104
0.5944998028119821
0.4656036278227015
0.41708295503357934
0.1991979639789116
0.4306449075872856
0.00571198427255733
0.9621678660743476
0.5291411723113508
0.8267295509932534
0.8881607790946524
0.7426471921525579
0.5122781831291601
0.3248401050183442
0.840635457624942
0.391212329900222
0.08566267983898126
0.9433109218859228
0.6188395596480875
0.5619707857792837
0.4287546284186644
0.9584639301411948
0.09210092000237408
0.9107752680034088
0.5256569616757604
0.23198713383428343
0.9583225817735197
0.49826192336542785
0.693660695364242
0.12227891509225483
0.9888054729159045
0.8791460613190208
0.697973552581042
0.8521009160207714
0.204002684604579
0.9465894276882568
0.7613444737057663
0.8512453743758799
0.5490194644608871
0.5930843032508567
0.545877398034734
0.928330731866828
0.45412978064758464
0.4941315243506564
0.49808288519760463
0.4272349078807198
0.7223022306890909
0.7474879659259698
0.9429350759461512
0.7067050517379452
0.9092224942245903
0.2802458789471818
0.035775365413267424
0.12065248427759019
0.3759590614424974
0.8599302040715177
0.9487413805879756
0.6928296720400783
0.2574896936886339
0.2703433547892613
0.318070320199854
0.5149397735608701
0.37538548781377834
0.6239536969835097
0.8598102762163551
0.5524828443034113
0.8695496388263471
0.5922791420349505
0.4639973730982184
0.5619965822239306
0.07058596335644397
0.0935749971080856
0.13122915262859058
0.7104243010807286
0.7717169381620458
0.0761526901264511
0.2098471434676526
0.260333742343827
0.4156053127313362
0.21862648306112023
0.1313395755575701
0.8212730403841751
0.8493585845363599
0.3960567422572596
0.540186230471982
0.7279736034247399
0.746581093855461
0.7862928923995683
0.38799804630520196
0.24505824552278915
0.007498066630076799
0.5573921653319909
0.022953037808847984
0.18096969705334573
0.8465993502629409
0.5417634359951644
0.6542899294064303
0.6193297364448617
0.6444988720431314
0.998739629657214
0.9415762596470535
0.08453863230060445
0.8791595216523508
0.224146903451555
0.8749817196013575
0.11788900451912375
0.15375050556077116
0.5039936881101263
0.04962903828294185
0.7812586795362184
0.6833028591205801
0.09402961142280286
0.9492288145211031
0.04008475720789799
0.01579254052120893
0.6749238436769058
0.17405908713363272
0.22500051509792798
0.7270953911427377
0.5625166089777162
0.5964265095150204
0.6260404453938732
0.3113039376174938
0.8906341291136394
0.9445600446229224
0.9591988222259078
0.3853823872400418
0.9022835331097174
0.0512869111233635
0.6446492258618488
0.8660449501264205
0.6430827443323662
0.9141035419265943
0.279637644847705
0.12402086784626368
0.29335533709959116
0.8871624619660308
0.4161226085268887
0.30608265003672513
0.7552261041905332
0.36141846121212745
0.10782077853381626
0.6096798538517094
0.07212106577392804
0.31490724448255214
0.6190517034701337
0.9612193154336354
0.980447014950477
0.49542465242248035
0.42610288842345606
0.46101114447190883
0.2306280209672633
0.34611677618460274
0.5114459097214463
0.021117308900330114
0.3783358909422426
0.1807557246859744
0.25120544170403647
0.028248187627760594
0.8807910559114331
0.5200875046912287
0.3670777811493921
0.4544145548939361
0.5420819322382499
0.4642806144466966
0.5332566856578947
0.7715635399823728
0.687125249779755
0.0010020560470836853
0.7180926302507263
0.7177184083501551
0.571742090991319
0.5022266210891936
0.6028198852727029
0.2867469820241309
0.20587952361974393
0.8378831402914133
0.23628796923133585
0.936841057914431
0.48343005822147544
0.2920047296709451
0.33128548996753227
0.8647094404615949
0.8040839164922742
0.14310941436163543
0.366100840187797
0.1807844029050834
0.4025238165748179
0.8489294692478745
0.2647385353070412
0.4662742076928679
0.5062845872204413
0.1764495355035461
0.3936471548202199
0.16202812636681443
0.05161834392763606
0.1510172126589944
0.4166558260139853
0.5857269198355253
0.421308170552617
0.042762261096900185
0.8889247992133106
0.5287268162910693
0.22069382066350093
0.17343730110297512
0.8411075075627726
0.3017574678581858
0.3172223152264379
0.9729923875649057
0.5002773028409263
0.15052234356496963
0.055221734984844804
0.35020264401491
0.3695806967169656
0.21164473658024793
0.9954547156288008
0.9316617642297507
0.2516514366809327
0.5638416324733015
0.5568229303247249
0.7720738320285578
0.33769042020825674
0.994106940933063
0.29346182314080727
0.8641416485827559
0.18242607254608703
0.6356086287245287
0.9153676289994012
0.29936164005064536
0.41126194509968567
0.43444914864442985
0.2715250190402619
0.27652215843094646
0.9408347468295081
0.07584768029759494
0.2235360739492433
0.934493766626391
0.23283784811197608
0.2671925683625082
0.8516647332855757
0.2192130996338478
0.8132859776881327
0.5170691714864395
0.5469267904704888
0.8588818513857616
0.5379738743379586
0.22291481221906861
0.18658077063243092
0.08203204469237767
0.3699536444452336
0.7002575539140465
0.49097497404753637
0.417504749695125
0.9094745674939889
0.9121247326811652
0.15433514348831087
0.979078674989994
0.6000663873964117
0.465561199175021
0.18712188253588957
0.5053979823350553
0.3779287912801459
0.3031625394607388
0.10846095911674312
0.6494101602069966
0.3704673939509744
0.059862322485785525
0.4115000887869749
0.891864392729239
0.923704186087232
0.5454585176024993
0.3006343918863085
0.6760441306029433
0.9450065345202676
0.6938019375819384
0.4729715226000167
0.36260033631985733
0.5877878466140658
0.7284259076983787
0.3789891612686757
0.810073500643463
0.7350297240298345
0.3178254310878478
0.7557056597290037
0.34680340973013446
0.9010687657770406
0.3371017991830538
0.016690065488614472
0.4110637252638387
0.49197377079944266
0.03175806988004591
0.2162436778615746
0.9025549398626234
0.853225921371913
0.8894584301947599
0.7032260976916409
0.3685010584745645
0.2975608365941642
0.7149066207809439
0.5277294905275426
0.5352937315097569
0.9866025589900087
0.5379795335501991
0.03396894695554441
0.7035360798395196
0.4355789595622304
0.4062317855316785
0.8088831598618601
0.6879052440594989
0.18841110515249185
0.3865675014558377
0.4576059145999559
0.42531356024121947
0.39450549085223746
0.6394880494985282
0.3060679014716803
0.2027857558369685
0.4628503172644609
0.5166971769156106
0.44835164349088297
0.34908540296732277
0.8653594131772884
0.38829606070930023
0.8439709340372985
0.2724209497895582
0.6027319575067981
0.36154521357316993
0.35905354710526594
0.6317063689654122
0.7350680778006827
0.2638556570913164
0.984992066762055
0.2157660107560329
0.9602420650517735
0.5006598294290897
0.05601640575283693
0.9587615633041012
0.3796627272902145
0.8703187464917146
0.6220138993501599
0.7651379287639363
0.3796149958751017
0.1477913142000004
0.8822748056868733
0.5752351337926267
0.10561112554332838
0.010069602360917217
0.4634626643318631
0.6208247221634839
0.8035824819259579
0.10029101674295332
0.8435080622303174
0.32106514745272885
0.5017734017511836
0.5663900219159448
0.026149508474933306
0.04963510712206884
0.7767932666063326
0.9429382016438138
0.6838340967255063
0.48266840727141075
0.46118048895232033
0.7786801431193051
0.4345699049010886
0.9560287561502065
0.23286812433796544
0.919904243864121
0.1374178104561117
0.43367730172148894
0.5133281887798846
0.14883468815014894
0.11668164968535631
0.8169693973169639
0.9708128856249901
0.849992933930341
0.5572102570216673
0.24857591663271653
0.31623224567931674
0.8852715568120485
0.14750529400360612
0.6632445658287558
0.38127394064662506
0.6117223999094041
0.140853765578378
0.5382706602031292
0.52102139570394
0.839136270176168
0.9538572094014833
0.012260717772803069
0.5499916694871728
0.9674340316077523
0.1566602341089257
0.5460208105542117
0.46869204255979524
0.535433075426111
0.3162876684058057
0.3453787638827795
0.8322976826378106
0.2766027673498005
0.15798698185534213
0.6108374506075728
0.01665279800460089
0.24284300215278204
0.16301839010183805
0.7077767618226173
0.815458518384638
0.9874022267383056
0.4238702702030373
0.8778485825508182
0.953210781366687
0.6806536649878824
0.41792178737380653
0.2917722083781061
0.11446266228929573
0.2788966793760898
0.08530901365968932
0.12882468066273892
0.03737124564787459
0.5680158195433334
0.7159199382434686
0.20029365326354553
0.9816782947188458
0.8431985848136158
0.3271097412434086
0.7344239588015761
0.6997636220713385
0.2375136905674869
0.7099762074456375
0.9694634047116617
0.6358942010611595
0.19674122179803252
0.8597194198766619
0.9850724330685947
0.23634207438367408
0.5465390597762461
0.5120801921529478
0.1351337217813225
0.966880764250327
0.3197779937799399
0.07069913547528417
0.16529805884924356
0.018650319322723697
0.5874602045072898
0.780409207817524
0.8398592043313128
0.19966475517329235
0.8615589343211767
0.48462521344341014
0.009529955043739087
0.20848810500718146
0.417523778275882
0.981341354834282
0.06071492512254515
0.40083271964845674
0.43510540489367777
0.2623869431532492
0.5551789744058815
0.5132114455856706
0.35708718505418774
0.04360526363041122
0.6424167073401534
0.5670022203704989
0.768875923011165
0.41009968839311944
0.1428959371508519
0.9677086065866083
0.27417584600675166
0.7493565660946946
0.8116618178616108
0.2770027580217893
0.33389992890314624
0.3907064297318545
0.4468569745500698
0.1132400434906799
0.04657401070387261
0.5005038058697785
0.8028029224440002
0.29345496625338136
0.9661000304028287
0.13195576134838793
0.9599447392722328
0.5258025186643058
0.5142746567204484
0.9027993753277669
0.06784374973357973
0.13635446518524624
0.7044791705623713
0.7722792865977006
0.28702876573478253
0.4115592668145961
0.5926890500475963
0.3173816115822533
0.28595352465932405
0.440929412190701
0.228133915036439
0.21608309572474924
0.8070256898898416
0.10482782541831404
0.8358558938117768
0.5032716442095431
0.17850022789251224
0.6189819838017427
0.5356196893783542
0.9476799941217632
0.572838060923829
0.6075881627011371
0.7271529382911417
0.5567277913594368
0.41792437740582977
0.6168253734054419
0.6574270344558589
0.31248597986794785
0.4092578594780505
0.5206460443539463
0.8834657538305909
0.4469736731448181
0.862905709665086
0.4103776209212097
0.9531805869470996
0.06732033721109124
0.3145211137568689
0.8973594611022951
0.350892385648291
0.7332428360966302
0.5601128946340836
0.7461894225988783
0.2645263811550843
0.6076471731134176
0.49553552942282675
0.32013499511795174
0.3901620881072919
0.08328156157589221
0.915316301620447
0.18330203633417264
0.8142275876562699
0.20299184993840985
0.7056374601728498
0.6397777114853175
0.2559268981086929
0.38912691149217726
0.33487879011834526
0.3543592808403577
0.880879075038018
0.2963860066760573
0.8214688107305632
0.3783129402107952
0.7752316974574237
0.6469358483926421
0.9959491766330484
0.4276976140744529
0.013915441618625783
0.1483170578875052
0.23677034289977775
0.9467176905143816
0.11529333409460081
0.7354940432603924
0.9513267307767049
0.4877120996191652
0.4206201754920606
0.04030118348636684
0.04586500803554672
0.8858985425729008
0.978304184660038
0.8318171258428203
0.529701724464477
0.33501463688708655
0.485053632340695
0.03992160252659235
0.46902452088314717
0.032535470726469895
